Super Easy
00272
01124
10550
11044
11172
11364
11498
11547
11727
12250
12279
12289
12372
12403
12577

Easy
00621
10114
10300
10963
11332
11559
11679
11764
11799
11942
12015
12157
12468
12503
12554

Medium
00119
00573
00661
10141
10324
10424
10919
11507
11586
11661
11683
11687
11956
12478

Card games
00162
00462
00555
10205
10315
10646
11225
11678
12247

Chess
00255
00278
00696
10196
10284
10849
11494

Other games - easier
00340
00489
00947
10189
10279
10409
10530
11459
12239

Other games - harder/tedious
00114
00141
00220
00227
00232
00339
00379
00584
00647
10363
10443
10813
10903

Palindrome
00353
00401
10018
10945
11221
11309

Anagram
00148
00156
00195
00454
00630
00642
10098